java MyProblem
Hill Climbing: 1
Simulated Annealing: 2
Salir: 3
Has escogido SimmulatedAnnealing, elige el parametro K: Has escogido SimmulatedAnnealing, elige el parametro lambda: Introduce el número de usuarios: 200
Introduce el número máximo de peticiones por usuario: 5
Introduce el número de servidores: 50
Introduce el número mínimo de réplicas por fichero: 5
Introduce tipo de heuristico, 1 o 2 o 3: 1
Introduce tipo de successor, 1, 2 o 3: 3
Iteraciones que hacer sobre el problema: 1 

--- Iteración 0 ---
Semillas: 1234 1234
Tiempo: 1559158
0 -> 30206   1 -> 25150   2 -> 23337   3 -> 23808   4 -> 30547   5 -> 29207   6 -> 42624   7 -> 19862   8 -> 28880   9 -> 24400   10 -> 28530   11 -> 35746   12 -> 48473   13 -> 26351   14 -> 36177   15 -> 50312   16 -> 25378   17 -> 41802   18 -> 25425   19 -> 24284   20 -> 18891   21 -> 49994   22 -> 44823   23 -> 23686   24 -> 37177   25 -> 27567   26 -> 39300   27 -> 38353   28 -> 38067   29 -> 10823   30 -> 37517   31 -> 22047   32 -> 26662   33 -> 20399   34 -> 23258   35 -> 52302   36 -> 38099   37 -> 43277   38 -> 29843   39 -> 31437   40 -> 23997   41 -> 34672   42 -> 21573   43 -> 26031   44 -> 38958   45 -> 33833   46 -> 32405   47 -> 21160   48 -> 16500   49 -> 36008   
52302
52302
52302
52302
52302
52302
52302
52302
52302
52302
52302
52302
52302
52302
52302
52302
52302
52302
52302
52302
52302
52302
52302
52302
52302
52302
52302
52302
52302
52302
52302
52302
52302
52302
52302
52302
52302
52302
52302
52302
52302
52302
52302
52302
52302
52302
52302
52302
52302
52302
52302
52302
52302
52302
52302
52302
52302
52302
52302
52302
52302
52302
52302
52302
52302
52302
52302
52302
52302
52302
52302
52302
52302
52302
52302
52302
52302
52302
52302
52302
52302
52302
52302
52302
52302
52302
52302
52302
52302
52302
52302
52302
52302
52302
52302
52302
52302
52302
52302
52302
52302
52302
52302
52302
52302
52302
52302
52302
52302
52302
52302
52302
52302
52302
52302
52302
52302
52302
52302
52302
52302
52302
52302
52302
52302
52302
52302
52302
52302
52302
52302
52302
52302
52302
52302
52302
52302
52302
52302
52302
52302
52302
52302
52302
52302
52302
52302
52302
52302
52302
52302
52302
52302
52302
52302
52302
52302
48418
52302
48418
52302
48418
48418
48418
48418
48418
48418
48418
48418
48418
50811
48418
48418
48418
48418
48418
48418
48418
48418
48418
48418
48418
48418
48418
48418
48418
48418
48418
48418
48418
48418
48418
48418
48418
48418
48418
48418
48418
48418
48418
48437
48418
48418
48418
48418
48418
48418
48418
48418
48418
48418
49002
48418
48418
48418
48418
48418
48418
48418
48418
48418
48418
48418
48418
48418
48418
48418
48418
48418
48418
48418
48418
48418
48418
48418
48418
48418
48418
48418
48418
48418
48418
48418
49360
48418
48418
48418
48418
48418
48418
48418
48418
48418
48418
48418
48418
48418
48418
48418
48418
48418
48418
48418
48418
48418
48418
48418
48418
48418
48418
48418
48418
48418
48418
48418
48418
48418
48418
48418
48418
48418
48418
48418
48418
48418
48418
48418
48418
48418
48418
48418
48418
48418
48418
48418
48418
48418
48418
48418
48418
48418
48418
48418
48418
48418
48418
48418
48418
48418
48418
48418
48418
48418
48418
48418
48418
48418
48418
48418
48149
48418
48149
48418
48149
48149
48149
48149
48149
48149
48149
48149
48149
48149
50811
48149
48149
48149
48149
48149
48149
48149
48149
48149
48149
48149
48149
48149
51524
48149
48149
48149
48149
48149
48149
48149
48149
48149
48149
50736
48149
48149
48149
48149
48149
48149
48149
48149
48149
48149
48149
48149
48149
48149
48149
48149
48149
48149
48149
48149
48149
48149
48149
48149
51355
48149
48149
48149
48149
48149
48149
48149
48149
48149
48149
48149
48149
48149
48149
48149
48149
48149
48149
48149
48149
48149
48149
48149
48149
48149
48149
48149
48149
48149
48149
48149
48149
48149
48149
48149
48149
48149
48149
48149
48149
48149
50200
48149
48149
48149
48149
48149
48149
48149
48149
48257
48149
48149
48149
48149
48149
48149
48149
48149
48149
48149
48149
48149
48149
48149
48149
48149
48149
48149
48149
48149
48149
48149
48149
48149
48149
48149
48149
48149
48149
48149
48149
48859
48149
48149
48149
48149
48149
48149
48149
48149
48363
48149
48149
48149
48149
48149
48149
48149
48149
48149
48149
48149
48149
48149
48149
48149
48149
48149
48149
48149
49370
48149
48149
48149
48149
48149
48149
48149
48149
48149
48149
48149
48149
48149
48149
48149
47518
48149
47518
48149
47518
50406
47518
47518
50794
47518
47518
47518
47518
47518
47518
47518
47518
47518
47518
47518
47518
47518
47518
47518
47518
47518
47518
47518
47518
47518
47518
47518
47518
48257
47518
47518
47518
47518
47518
47518
47518
47518
47518
47518
47518
47518
47518
47518
47518
47518
47518
47518
47518
47518
47518
47518
47518
50352
47518
47518
47518
47518
47518
47518
47518
47518
47518
47518
47518
47518
47518
47518
47518
47518
47518
47518
47518
47518
47518
47518
47518
47518
47518
47518
47518
47518
47518
47518
47518
47518
47518
47518
50901
47518
47518
47518
47518
47518
47518
47518
47518
47518
47518
47518
47518
47518
47518
47518
47518
47518
47518
47518
47518
47518
47518
47518
47518
47518
47518
47518
47518
47518
47518
47518
47518
47518
47518
47518
46976
47518
46976
47518
46976
46976
46976
46976
46976
46976
46976
46976
46976
46976
46976
46976
46976
46976
46976
46976
46976
46976
46976
46976
46976
46976
46976
46976
46976
46976
46976
46976
46976
46976
46976
46976
46976
46976
46976
46626
46976
46626
46976
46626
46626
46626
46626
46626
46626
50041
46626
46626
46626
46626
46626
46626
46626
46626
46626
46626
50380
46626
46626
46626
46626
46626
46626
46626
46626
46626
46626
46626
46626
46626
46626
46626
46626
46626
50543
46626
46626
46626
46626
46626
46626
46626
46626
49489
46626
46626
46626
46626
46626
46626
46626
46626
46626
46626
46626
46626
46626
48544
46626
46626
46626
46626
46626
49485
46626
46626
46626
46626
46626
46626
46626
46626
46626
46626
46626
46626
46626
46626
46626
46626
46626
46626
46626
46626
46626
46626
48220
46626
46626
50402
46626
46626
49134
46626
46626
46626
46626
46626
46626
46626
46626
46626
46626
46626
46626
46626
46626
46626
46626
49484
46626
46626
46626
46626
46626
46626
46626
46626
46626
46626
46626
46626
46626
46626
46626
48318
46626
46626
49191
46626
46626
46626
46626
46626
46626
46626
46626
46626
46626
46626
46626
46626
46626
46626
46626
46626
46626
46626
46626
46626
46626
46626
46626
46626
46626
46626
46626
46626
46626
46626
46626
46626
46626
46626
46626
46626
46626
46626
46626
49684
46626
46626
46626
46626
46626
46626
46626
46626
45736
46626
45736
46626
45736
45736
45736
45736
45736
45736
45736
45736
45736
45736
45736
45736
45736
45736
45736
45736
45736
45736
45736
45751
45736
45736
45736
45736
45736
45736
45736
45736
45736
45736
45736
45736
45736
45736
45736
45736
45736
45736
45736
45736
45736
45736
45736
45736
45736
45736
45736
45736
45736
45736
45736
45736
45736
45736
45736
45736
46801
45736
45736
45736
45736
45736
45736
45736
45736
45736
45736
45736
45736
45736
45736
45736
45736
45736
45736
45736
45736
45736
45736
45736
45736
45736
45736
45736
45736
45736
45736
45736
45736
45736
45736
45736
45736
45736
45736
45736
47430
45736
45736
48816
45736
45736
47679
45736
45736
48894
45736
45736
45736
45736
45736
45736
45736
45736
45736
45736
45736
45736
45736
45736
45736
45736
45736
45736
49331
45736
45736
45736
45736
45736
45736
45736
45736
45736
45736
45736
45736
45736
45736
45736
45736
45736
45736
45736
45736
45736
45736
45736
45736
45736
45736
45736
45736
45736
45736
45736
49538
45736
45736
45736
45736
45736
45736
45736
45736
45736
45736
45736
45736
45736
45736
45736
45736
45736
45736
45736
45736
45736
45736
45736
47977
45736
45736
45736
45736
45736
45736
45736
47218
45736
45736
45736
45736
45736
45736
45736
45736
45736
45736
44695
45736
44695
45736
44695
44695
44695
44695
44695
44695
44695
44695
44695
44695
44695
44695
44695
44695
44695
44937
44695
44695
44695
44695
44695
44695
44695
44695
44695
44695
44695
44695
45363
44695
44695
44695
44695
44695
44695
44695
44695
44695
44695
47602
44695
44695
44695
44695
44695
44695
44695
48816
44695
44695
47373
44695
44695
44695
44695
44695
44695
44695
44645
44695
44645
44695
44645
47582
44645
44645
45129
44645
44645
44645
44645
44645
44645
44645
44645
44645
44645
44645
44645
44645
44645
44645
44645
44645
44645
44645
44645
44645
44645
44645
48932
44645
44645
44645
44645
44645
44645
44645
44645
44645
44645
44645
44645
44645
44645
44645
49338
44645
44645
44645
44645
44645
44645
44645
44645
47977
44645
44645
44645
44645
44645
44645
44645
44645
44645
44645
44645
44645
47028
44645
44645
44645
44645
44645
44645
44645
44645
44645
44645
44645
44645
44645
44645
44645
46758
44645
44645
44645
44645
44645
44645
44645
44645
44645
44645
44645
44645
44645
44645
44645
44645
44645
44645
44645
44645
43323
44645
43323
44645
43323
43323
43323
43323
43323
43323
43323
43323
43323
43323
43323
43323
43323
43323
43323
43323
43323
43323
43323
43323
43323
43323
43323
43323
43323
43323
43323
43323
43323
43323
43323
43323
43323
43323
43323
43323
43323
43323
43323
43455
43323
43323
43323
43323
43323
43323
43323
44305
43323
43323
43323
43323
43323
43323
43323
44507
43323
43323
44507
43323
43323
43323
43323
43323
43323
43323
43323
43323
43323
43323
43323
43323
44311
43323
43323
43323
43323
43323
43323
43323
43323
43323
43323
43323
43323
43323
43323
43323
43323
43323
43323
43323
43323
43323
43323
43323
43323
43323
43323
43323
43323
43323
43323
43323
43323
43323
43323
43323
43323
43323
43323
43323
43323
43323
43323
45364
43323
43323
45149
43323
43323
43323
43323
43323
43323
43323
43323
43323
43323
43323
43323
43323
44071
43323
43323
43323
43323
43323
44750
43323
43323
43323
43323
43323
43323
43323
43323
43323
43323
43323
43323
43398
43323
43323
43323
43323
43323
43323
43323
43323
47288
43323
43323
46589
43323
43323
43323
43323
43323
43323
43323
43323
43323
43323
43323
43323
43323
43323
43323
43323
43323
44345
43323
43323
43323
43323
43323
43323
43323
43323
43323
43323
43323
43323
43323
43323
43323
43323
43323
48087
43323
43323
43132
43323
43132
43323
43132
43132
43132
43132
43132
43132
43132
43132
43132
43132
43132
43132
43132
43132
43132
43132
43132
43507
43132
43132
45137
43132
43132
45027
43132
43132
43132
43132
43132
43132
43132
43132
45576
43132
43132
43132
43132
43132
43132
43132
43132
43132
43132
43132
43132
43132
43132
43132
44629
43132
43132
43132
43132
43132
43132
43132
43519
43132
43132
43132
43132
43132
43132
43132
43132
43132
43132
46108
43132
43132
44314
43132
43132
43132
43132
43132
43132
43132
43132
43132
43132
43132
43132
43132
43132
43132
43132
43132
43132
43132
43132
43132
43132
43132
43132
43132
43132
43132
43132
43132
43132
43132
43132
43132
43132
43132
43132
43132
43132
43132
43132
43132
43132
43132
43132
43132
43132
43132
43132
43132
43132
43132
43132
43132
43132
43132
43132
43132
43132
43132
43132
43126
43132
43126
43132
43126
46503
43126
43126
43126
43126
43126
43126
43126
43126
43126
43126
43678
43126
43126
43126
43126
43126
46452
43126
43126
43787
43126
43126
43126
43126
43126
43126
43126
43126
43126
43126
43126
43126
43126
43126
43126
46077
43126
43126
43126
43126
43126
43126
43126
43126
43126
43126
43126
43126
43126
43126
43126
43126
43126
43126
43126
43126
43126
43126
43126
43126
43126
43126
43126
43126
43126
43126
43126
46535
43126
43126
44390
43126
43126
43126
43126
43126
43126
43126
43126
43126
43126
43126
43126
43126
44447
43126
43126
43126
43126
43126
43126
43126
43126
45656
43126
43126
43126
43126
43126
43126
43126
44472
43126
43126
45635
43126
43126
43126
43126
43126
43126
43126
43126
43126
43126
43126
43126
44350
43126
43126
43120
43126
43120
43126
43120
43120
43120
43120
43120
43120
43120
43120
43120
43120
43120
43120
43120
43120
43120
43120
43120
43120
43120
43120
47286
43120
43120
43979
43120
43120
43120
43120
43120
44291
43120
43120
43120
43120
43120
43120
43120
43120
43120
43120
43120
43120
43120
43120
43120
43120
43120
43120
43120
43120
43120
43120
43120
43120
43120
43120
43120
43120
43120
43120
43120
43120
43120
43120
43120
43120
43120
43120
43120
44376
43120
43120
43120
43120
43120
43120
43120
43120
43120
43120
43120
43120
43120
43120
43120
43120
47312
43120
43120
43120
43120
43120
43120
43120
43120
43120
43120
43120
43120
43120
43120
43120
43120
43120
43120
45024
43120
43120
45214
43120
43120
44495
43120
43120
44689
43120
43120
43120
43120
43120
43120
43120
43120
43120
43120
43120
43120
43120
43859
43120
43120
44165
43120
43120
43120
43120
43120
43120
43120
46971
43120
43120
43120
43120
43120
47278
43120
43120
43120
43120
43120
43120
43120
43120
43120
43120
43120
43120
43120
43120
43120
43120
43120
43120
43120
43120
43120
43120
43120
43120
45462
43120
43120
45356
43120
43120
43120
43120
43120
43120
43120
43120
43120
43120
43120
43120
43120
42530
43120
42530
43120
42530
42553
42530
42530
42530
42530
42530
42530
42530
42530
42530
42530
42530
42530
42530
42530
42530
42530
42530
42530
42530
42530
42530
42530
42530
42530
42530
42530
42530
42530
42530
42530
42530
42530
42530
42530
42530
42530
42530
43481
42530
42530
42530
42530
42530
42530
42530
42530
42530
42530
42530
42530
42865
42530
42530
42530
42530
42530
42530
42530
42530
42530
42530
42530
42530
42530
42530
42530
42530
42530
42530
42530
42530
42530
42530
42530
42530
42530
42530
42530
42530
42530
42530
42530
42530
42530
42530
42530
42530
42530
42530
42530
42530
42530
45255
42530
42530
44849
42530
42530
42530
42530
42530
42530
42530
42530
42530
42530
42530
42530
42530
42530
42530
42530
42530
42530
42488
42530
42488
42530
42488
43829
42488
42488
42488
42488
42488
42488
42488
46264
42488
42488
44724
42488
42488
46242
42488
42488
42488
42488
42488
42488
42488
42488
42488
42488
42488
42488
42488
42488
42488
42488
42488
42488
44052
42488
42488
44958
42488
42488
42488
42488
42488
42488
42488
42488
42488
42488
42488
42488
42488
42488
42488
42488
42488
42488
45498
42488
42488
42488
42488
42488
42488
42488
42488
42488
42488
46187
42488
42488
42488
42488
42488
42488
42488
42488
42488
42488
42488
42488
42488
42488
42488
42488
42488
42488
42488
42488
42488
42488
42488
42488
42488
42488
42488
42488
44406
42488
42488
42488
42488
42488
42488
42488
42488
42488
42488
42488
42488
42488
42488
42488
43144
42488
42488
42488
42488
42488
42488
42488
42488
42488
42488
42488
42488
42488
42488
42488
42488
42488
42488
42488
42488
42488
42488
44783
42488
42488
42488
42488
42488
42488
42488
42488
42488
42488
42903
42488
42488
42488
42488
42488
42488
42488
42488
42488
42488
42488
42488
42488
42488
42488
42488
42488
42488
44561
42488
42488
42557
42488
42488
42488
42488
42488
42488
42488
42488
42488
42488
42488
42488
42488
42488
42488
42488
42488
42488
45762
42488
42488
42488
42488
42488
42488
42488
42488
42488
42488
42488
42488
42488
43427
42488
42488
42488
42488
42488
42488
42488
42488
42488
42488
42488
42488
45468
42488
42488
42488
42488
42488
42488
42488
42488
42488
42488
47442
42488
42488
42488
42488
42488
42488
42488
42488
42488
42488
42488
42488
42488
42488
42488
42488
42488
45922
42488
42488
42488
42488
42488
45445
42488
42488
44340
42488
42488
41784
42488
41784
42488
41784
44820
41784
41784
41784
41784
41784
41784
41784
41784
41784
41784
41784
41784
41784
42757
41784
41784
41784
41784
41784
41784
41784
41784
41784
41784
44341
41784
41784
43640
41784
41784
41784
41784
41784
41784
41784
41784
41784
41784
41784
41784
41784
41784
41784
41784
41784
41784
41784
41784
46299
41784
41784
41784
41784
41784
41784
41784
41784
41784
41784
41784
41784
41784
41784
41784
41784
41784
41784
41784
41784
43092
41784
41784
41784
41784
41784
41784
41784
41784
41784
41784
41784
41784
41784
41784
41784
41784
41784
41784
41784
41784
41784
42356
41784
41784
41784
41784
41784
41784
41784
41784
41784
41784
43453
41784
41784
41784
41784
41784
41784
41784
41784
41784
41784
41784
41784
41784
41784
41784
41784
41784
41784
41784
41784
41784
41784
41784
41784
41784
41784
41784
41784
41784
41784
41784
41784
41784
41784
41784
41784
41784
41784
41784
41784
41784
41784
41784
41784
41784
41784
41784
41784
41784
41784
41784
41784
41784
41784
41784
41784
41784
41784
41784
41784
41784
41784
41784
41784
41784
41784
41784
41784
41784
41784
41784
41784
41784
41784
41784
41784
41784
41784
41784
41784
41784
41784
41784
41784
44938
41784
41784
41784
41784
41784
41784
41784
41784
41784
41784
41784
41784
41784
41784
41784
41784
41784
41784
41784
41784
41784
41784
41784
41784
41784
41784
41784
41784
41784
41784
41784
41784
41784
41784
41784
41784
41784
41784
41784
41784
41784
41784
41784
41784
41784
41784
41784
41784
41784
41784
41784
41784
41784
41784
41784
41784
41784
41784
41784
41784
41893
41784
41784
41784
41784
41784
41784
41784
41784
41784
41784
41784
41784
41784
41784
41784
41784
41784
41784
41784
41784
41784
42566
41784
41784
43471
41784
41784
41784
41784
41784
41784
41784
41784
41784
41784
43049
41784
41784
41784
41784
41784
41784
41784
41784
41784
41784
41784
41784
41784
41784
41784
41784
41784
41784
41784
41784
41784
41784
41784
41784
41784
41784
41784
41784
41784
41784
41784
43313
41784
41784
41784
41784
41784
41784
41784
41784
41784
41784
41784
41784
41784
41784
41784
41852
41784
41784
43081
41784
41784
41784
41784
41784
41784
41784
41784
41784
41784
41784
41784
41784
41784
41784
41784
41784
41784
43798
41784
41784
41784
41784
41784
41784
41784
41784
41784
41784
41784
41784
41784
41784
41784
41784
41784
41784
41784
42924
41784
41784
41784
41784
41784
41784
41784
41784
41784
41784
41784
41784
41784
41784
41784
42584
41784
41784
41784
41784
41784
41784
41784
41784
41784
41784
41784
41784
41784
41784
41784
41784
41784
41784
41784
41784
41784
41784
41784
41784
41784
41784
41784
41784
41784
41784
41784
43181
41784
41784
42428
41784
41784
41784
41784
41784
41784
41784
41784
41784
41784
41784
41784
41784
42099
41784
41784
41784
41784
41784
41784
41784
41784
44733
41784
41784
41784
41784
41784
41784
41784
41784
44869
41784
41784
43865
41784
41784
41784
41784
41784
41784
41784
41784
41784
41784
43722
41784
41784
41784
41784
41784
44148
41784
41784
41784
41784
41784
41784
41784
41784
41784
41784
41784
41784
44807
41784
41784
41784
41784
41784
41784
41784
42701
41784
41784
41784
41784
41784
41784
41784
41784
41784
41784
41784
41784
41784
41784
41784
41784
41784
41784
41784
41784
41784
41784
41784
45259
41784
41784
41784
41784
41784
41784
41784
41784
41784
41784
41784
41784
41784
41784
41784
41784
41784
41784
41784
41784
41784
41784
41784
41784
41784
41784
41784
41784
41784
44310
41784
41784
41784
41784
41784
41784
41784
41784
41784
41784
41784
41784
41784
41784
41784
41784
41784
41784
41784
41784
41784
41784
41784
41784
41784
41784
43221
41784
41784
41784
41784
41784
41784
41784
41784
41784
41784
41158
41784
41158
41784
41158
40759
41158
40759
41158
40759
40759
40759
40759
40759
40759
41336
40759
40759
40759
40759
40759
41404
40759
40759
40759
40759
40759
42153
40759
40759
40759
40759
40759
40759
40759
40759
40759
40759
40759
40759
40759
40759
40759
40759
40759
40759
40759
40759
40759
40541
40759
40541
40759
40541
40541
40541
40541
41431
40541
40541
40541
40541
40541
40541
40541
40541
40541
40541
40541
40541
40541
40541
40541
40541
40541
40541
41624
40541
40541
40541
40541
40541
40541
40541
40541
40541
40541
43647
40541
40541
42037
40541
40541
41149
40541
40541
40541
40541
40541
40541
40541
40541
40541
40541
41551
40541
40541
40541
40541
40541
40541
40541
40541
40541
40541
40541
40541
40541
40541
40541
40541
40541
40541
41058
40541
40541
40541
40541
40541
40541
40541
40541
40541
40541
40541
40541
40541
40541
40541
40541
40541
40541
40541
40541
40541
40541
40541
40541
40541
40541
40541
40541
40541
40541
40541
40541
40541
40541
42294
40541
40541
40541
40541
40541
40541
40541
40541
41557
40541
40541
42239
40541
40541
42701
40541
40541
40541
40541
40541
40541
40541
40780
40541
40541
40541
40541
40541
40541
40541
{nodesExpanded=801}
Tiempo: 1529528
0 -> 40025   1 -> 25756   2 -> 25714   3 -> 35143   4 -> 33739   5 -> 35043   6 -> 37472   7 -> 23310   8 -> 40099   9 -> 29169   10 -> 36421   11 -> 35951   12 -> 40541   13 -> 9208   14 -> 36830   15 -> 39819   16 -> 23653   17 -> 37876   18 -> 19328   19 -> 21149   20 -> 21315   21 -> 40387   22 -> 30670   23 -> 13791   24 -> 40474   25 -> 37029   26 -> 31413   27 -> 22195   28 -> 39988   29 -> 34859   30 -> 38728   31 -> 18001   32 -> 16668   33 -> 30415   34 -> 25060   35 -> 30637   36 -> 37378   37 -> 34681   38 -> 33074   39 -> 28257   40 -> 31621   41 -> 37257   42 -> 31050   43 -> 36916   44 -> 32689   45 -> 28687   46 -> 30052   47 -> 30946   48 -> 10904   49 -> 28140   
Tiempo de ejecución: 115 ms

Hill Climbing: 1
Simulated Annealing: 2
Salir: 3
